0.000000000000000000e+00,3.907330751419067383e+00,6.775424003601074219e+00,1.057776165008544922e+01,1.376525020599365234e+01,1.588265419006347656e+01,1.904490470886230469e+01,2.036249542236328125e+01,2.384337425231933594e+01,2.182854080200195312e+01
3.907330751419067383e+00,0.000000000000000000e+00,3.848048686981201172e+00,7.169634342193603516e+00,1.076020908355712891e+01,1.304953670501708984e+01,1.655284118652343750e+01,1.823034286499023438e+01,2.189606094360351562e+01,2.042789077758789062e+01
6.775424003601074219e+00,3.848048686981201172e+00,0.000000000000000000e+00,3.935019016265869141e+00,7.159259319305419922e+00,9.835698127746582031e+00,1.327273178100585938e+01,1.538701820373535156e+01,1.913307380676269531e+01,1.795275115966796875e+01
1.057776165008544922e+01,7.169634342193603516e+00,3.935019016265869141e+00,0.000000000000000000e+00,3.915980100631713867e+00,6.809494018554687500e+00,1.051957798004150391e+01,1.310330486297607422e+01,1.691629600524902344e+01,1.647907066345214844e+01
1.376525020599365234e+01,1.076020908355712891e+01,7.159259319305419922e+00,3.915980100631713867e+00,0.000000000000000000e+00,3.768225431442260742e+00,7.047976016998291016e+00,1.017514896392822266e+01,1.390698814392089844e+01,1.392997360229492188e+01
1.588265419006347656e+01,1.304953670501708984e+01,9.835698127746582031e+00,6.809494018554687500e+00,3.768225431442260742e+00,0.000000000000000000e+00,3.853623628616333008e+00,6.624221324920654297e+00,1.036592006683349609e+01,1.072401714324951172e+01
1.904490470886230469e+01,1.655284118652343750e+01,1.327273178100585938e+01,1.051957798004150391e+01,7.047976016998291016e+00,3.853623628616333008e+00,0.000000000000000000e+00,3.808753967285156250e+00,7.119353771209716797e+00,8.160848617553710938e+00
2.036249542236328125e+01,1.823034286499023438e+01,1.538701820373535156e+01,1.310330486297607422e+01,1.017514896392822266e+01,6.624221324920654297e+00,3.808753967285156250e+00,0.000000000000000000e+00,3.813522577285766602e+00,4.734075069427490234e+00
2.384337425231933594e+01,2.189606094360351562e+01,1.913307380676269531e+01,1.691629600524902344e+01,1.390698814392089844e+01,1.036592006683349609e+01,7.119353771209716797e+00,3.813522577285766602e+00,0.000000000000000000e+00,3.857519149780273438e+00
2.182854080200195312e+01,2.042789077758789062e+01,1.795275115966796875e+01,1.647907066345214844e+01,1.392997360229492188e+01,1.072401714324951172e+01,8.160848617553710938e+00,4.734075069427490234e+00,3.857519149780273438e+00,0.000000000000000000e+00
