0.000000000000000000e+00,3.870278120040893555e+00,6.733543872833251953e+00,8.633776664733886719e+00,1.086270999908447266e+01,1.085722827911376953e+01,1.410813999176025391e+01,1.519261360168457031e+01,1.664696693420410156e+01,1.836757087707519531e+01,1.903077125549316406e+01,2.191841125488281250e+01,1.910870742797851562e+01
3.870278120040893555e+00,0.000000000000000000e+00,3.878816843032836914e+00,7.151989936828613281e+00,1.049024295806884766e+01,1.181077766418457031e+01,1.553196716308593750e+01,1.740066337585449219e+01,1.909010505676269531e+01,2.124959373474121094e+01,2.188720893859863281e+01,2.489351844787597656e+01,2.212682723999023438e+01
6.733543872833251953e+00,3.878816843032836914e+00,0.000000000000000000e+00,3.923834800720214844e+00,7.747034072875976562e+00,1.007376384735107422e+01,1.399269485473632812e+01,1.658897972106933594e+01,1.865764045715332031e+01,2.138572883605957031e+01,2.234052085876464844e+01,2.565451622009277344e+01,2.329309463500976562e+01
8.633776664733886719e+00,7.151989936828613281e+00,3.923834800720214844e+00,0.000000000000000000e+00,3.926655530929565430e+00,6.938984394073486328e+00,1.073757076263427734e+01,1.380231189727783203e+01,1.600034713745117188e+01,1.912265396118164062e+01,2.032236671447753906e+01,2.385329818725585938e+01,2.195825386047363281e+01
1.086270999908447266e+01,1.049024295806884766e+01,7.747034072875976562e+00,3.926655530929565430e+00,0.000000000000000000e+00,3.897074699401855469e+00,7.232017993927001953e+00,1.070938491821289062e+01,1.310055923461914062e+01,1.656648445129394531e+01,1.813833236694335938e+01,2.185020637512207031e+01,2.051691818237304688e+01
1.085722827911376953e+01,1.181077766418457031e+01,1.007376384735107422e+01,6.938984394073486328e+00,3.897074699401855469e+00,0.000000000000000000e+00,3.972911834716796875e+00,7.019230365753173828e+00,9.771561622619628906e+00,1.320118618011474609e+01,1.523180103302001953e+01,1.903083801269531250e+01,1.796395874023437500e+01
1.410813999176025391e+01,1.553196716308593750e+01,1.399269485473632812e+01,1.073757076263427734e+01,7.232017993927001953e+00,3.972911834716796875e+00,0.000000000000000000e+00,3.866625308990478516e+00,6.754144191741943359e+00,1.049448680877685547e+01,1.297720623016357422e+01,1.682807159423828125e+01,1.652428817749023438e+01
1.519261360168457031e+01,1.740066337585449219e+01,1.658897972106933594e+01,1.380231189727783203e+01,1.070938491821289062e+01,7.019230365753173828e+00,3.866625308990478516e+00,0.000000000000000000e+00,3.802940845489501953e+00,7.148721218109130859e+00,1.022723197937011719e+01,1.399630260467529297e+01,1.406993961334228516e+01
1.664696693420410156e+01,1.909010505676269531e+01,1.865764045715332031e+01,1.600034713745117188e+01,1.310055923461914062e+01,9.771561622619628906e+00,6.754144191741943359e+00,3.802940845489501953e+00,0.000000000000000000e+00,3.842449426651000977e+00,6.615657329559326172e+00,1.037499904632568359e+01,1.083766365051269531e+01
1.836757087707519531e+01,2.124959373474121094e+01,2.138572883605957031e+01,1.912265396118164062e+01,1.656648445129394531e+01,1.320118618011474609e+01,1.049448680877685547e+01,7.148721218109130859e+00,3.842449426651000977e+00,0.000000000000000000e+00,3.834807395935058594e+00,7.135961532592773438e+00,8.178001403808593750e+00
1.903077125549316406e+01,2.188720893859863281e+01,2.234052085876464844e+01,2.032236671447753906e+01,1.813833236694335938e+01,1.523180103302001953e+01,1.297720623016357422e+01,1.022723197937011719e+01,6.615657329559326172e+00,3.834807395935058594e+00,0.000000000000000000e+00,3.854120016098022461e+00,4.800220012664794922e+00
2.191841125488281250e+01,2.489351844787597656e+01,2.565451622009277344e+01,2.385329818725585938e+01,2.185020637512207031e+01,1.903083801269531250e+01,1.682807159423828125e+01,1.399630260467529297e+01,1.037499904632568359e+01,7.135961532592773438e+00,3.854120016098022461e+00,0.000000000000000000e+00,3.862884044647216797e+00
1.910870742797851562e+01,2.212682723999023438e+01,2.329309463500976562e+01,2.195825386047363281e+01,2.051691818237304688e+01,1.796395874023437500e+01,1.652428817749023438e+01,1.406993961334228516e+01,1.083766365051269531e+01,8.178001403808593750e+00,4.800220012664794922e+00,3.862884044647216797e+00,0.000000000000000000e+00
