0.000000000000000000e+00,3.842964172363281250e+00,5.515715122222900391e+00,6.599728584289550781e+00,8.422355651855468750e+00,1.135871982574462891e+01,1.226770305633544922e+01,1.375000190734863281e+01,1.593231487274169922e+01,1.709542655944824219e+01,1.807670974731445312e+01,2.018286705017089844e+01,2.250847053527832031e+01,2.369348526000976562e+01,2.399522781372070312e+01,2.641781234741210938e+01,2.793038940429687500e+01
3.842964172363281250e+00,0.000000000000000000e+00,3.847496271133422852e+00,5.732421398162841797e+00,5.911374568939208984e+00,8.745832443237304688e+00,1.070242691040039062e+01,1.206748008728027344e+01,1.345484733581542969e+01,1.487219333648681641e+01,1.651012992858886719e+01,1.831002807617187500e+01,2.024782371520996094e+01,2.182196044921875000e+01,2.255200576782226562e+01,2.471264266967773438e+01,2.581299400329589844e+01
5.515715122222900391e+00,3.847496271133422852e+00,0.000000000000000000e+00,3.837448120117187500e+00,5.470044612884521484e+00,6.826097965240478516e+00,8.383567810058593750e+00,1.082988548278808594e+01,1.231532859802246094e+01,1.276515388488769531e+01,1.445425224304199219e+01,1.687460327148437500e+01,1.852805709838867188e+01,1.956605339050292969e+01,2.054784393310546875e+01,2.310240554809570312e+01,2.408834648132324219e+01
6.599728584289550781e+00,5.732421398162841797e+00,3.837448120117187500e+00,0.000000000000000000e+00,3.842746019363403320e+00,5.661736488342285156e+00,5.684416770935058594e+00,7.712516307830810547e+00,1.008792877197265625e+01,1.068907260894775391e+01,1.157304382324218750e+01,1.399001026153564453e+01,1.618563461303710938e+01,1.712961769104003906e+01,1.756254768371582031e+01,2.014263725280761719e+01,2.156831741333007812e+01
8.422355651855468750e+00,5.911374568939208984e+00,5.470044612884521484e+00,3.842746019363403320e+00,0.000000000000000000e+00,3.833789110183715820e+00,5.647199153900146484e+00,6.324352264404296875e+00,7.608392238616943359e+00,9.299457550048828125e+00,1.087777900695800781e+01,1.241926670074462891e+01,1.441878890991210938e+01,1.616006088256835938e+01,1.684174919128417969e+01,1.884062385559082031e+01,1.994081878662109375e+01
1.135871982574462891e+01,8.745832443237304688e+00,6.826097965240478516e+00,5.661736488342285156e+00,3.833789110183715820e+00,0.000000000000000000e+00,3.836624622344970703e+00,5.703412055969238281e+00,5.809292793273925781e+00,6.272161483764648438e+00,8.737812042236328125e+00,1.067628288269042969e+01,1.187402915954589844e+01,1.335906410217285156e+01,1.472901725769042969e+01,1.690439987182617188e+01,1.750536155700683594e+01
1.226770305633544922e+01,1.070242691040039062e+01,8.383567810058593750e+00,5.684416770935058594e+00,5.647199153900146484e+00,3.836624622344970703e+00,0.000000000000000000e+00,3.833992004394531250e+00,5.859959125518798828e+00,5.265973091125488281e+00,6.084004878997802734e+00,8.891773223876953125e+00,1.075845050811767578e+01,1.145457744598388672e+01,1.216526699066162109e+01,1.484844493865966797e+01,1.607107162475585938e+01
1.375000190734863281e+01,1.206748008728027344e+01,1.082988548278808594e+01,7.712516307830810547e+00,6.324352264404296875e+00,5.703412055969238281e+00,3.833992004394531250e+00,0.000000000000000000e+00,3.842181682586669922e+00,5.324385643005371094e+00,5.156436443328857422e+00,6.440206527709960938e+00,9.208660125732421875e+00,1.074503326416015625e+01,1.073627376556396484e+01,1.272793197631835938e+01,1.432844066619873047e+01
1.593231487274169922e+01,1.345484733581542969e+01,1.231532859802246094e+01,1.008792877197265625e+01,7.608392238616943359e+00,5.809292793273925781e+00,5.859959125518798828e+00,3.842181682586669922e+00,0.000000000000000000e+00,3.822153329849243164e+00,5.661155223846435547e+00,5.586912631988525391e+00,7.030894279479980469e+00,9.573652267456054688e+00,1.057268047332763672e+01,1.186134147644042969e+01,1.250881481170654297e+01
1.709542655944824219e+01,1.487219333648681641e+01,1.276515388488769531e+01,1.068907260894775391e+01,9.299457550048828125e+00,6.272161483764648438e+00,5.265973091125488281e+00,5.324385643005371094e+00,3.822153329849243164e+00,0.000000000000000000e+00,3.823405981063842773e+00,5.606069564819335938e+00,5.917994976043701172e+00,7.119389057159423828e+00,8.939482688903808594e+00,1.108982753753662109e+01,1.142661952972412109e+01
1.807670974731445312e+01,1.651012992858886719e+01,1.445425224304199219e+01,1.157304382324218750e+01,1.087777900695800781e+01,8.737812042236328125e+00,6.084004878997802734e+00,5.156436443328857422e+00,5.661155223846435547e+00,3.823405981063842773e+00,0.000000000000000000e+00,3.838977813720703125e+00,5.803222656250000000e+00,5.912022590637207031e+00,6.108794689178466797e+00,8.871101379394531250e+00,1.036763095855712891e+01
2.018286705017089844e+01,1.831002807617187500e+01,1.687460327148437500e+01,1.399001026153564453e+01,1.241926670074462891e+01,1.067628288269042969e+01,8.891773223876953125e+00,6.440206527709960938e+00,5.586912631988525391e+00,5.606069564819335938e+00,3.838977813720703125e+00,0.000000000000000000e+00,3.845275402069091797e+00,5.789184093475341797e+00,5.403914928436279297e+00,6.440639972686767578e+00,8.014547348022460938e+00
2.250847053527832031e+01,2.024782371520996094e+01,1.852805709838867188e+01,1.618563461303710938e+01,1.441878890991210938e+01,1.187402915954589844e+01,1.075845050811767578e+01,9.208660125732421875e+00,7.030894279479980469e+00,5.917994976043701172e+00,5.803222656250000000e+00,3.845275402069091797e+00,0.000000000000000000e+00,3.836966514587402344e+00,5.747339725494384766e+00,6.122955799102783203e+00,5.651695251464843750e+00
2.369348526000976562e+01,2.182196044921875000e+01,1.956605339050292969e+01,1.712961769104003906e+01,1.616006088256835938e+01,1.335906410217285156e+01,1.145457744598388672e+01,1.074503326416015625e+01,9.573652267456054688e+00,7.119389057159423828e+00,5.912022590637207031e+00,5.789184093475341797e+00,3.836966514587402344e+00,0.000000000000000000e+00,3.855552196502685547e+00,5.847837448120117188e+00,5.693378925323486328e+00
2.399522781372070312e+01,2.255200576782226562e+01,2.054784393310546875e+01,1.756254768371582031e+01,1.684174919128417969e+01,1.472901725769042969e+01,1.216526699066162109e+01,1.073627376556396484e+01,1.057268047332763672e+01,8.939482688903808594e+00,6.108794689178466797e+00,5.403914928436279297e+00,5.747339725494384766e+00,3.855552196502685547e+00,0.000000000000000000e+00,3.830013036727905273e+00,6.192885398864746094e+00
2.641781234741210938e+01,2.471264266967773438e+01,2.310240554809570312e+01,2.014263725280761719e+01,1.884062385559082031e+01,1.690439987182617188e+01,1.484844493865966797e+01,1.272793197631835938e+01,1.186134147644042969e+01,1.108982753753662109e+01,8.871101379394531250e+00,6.440639972686767578e+00,6.122955799102783203e+00,5.847837448120117188e+00,3.830013036727905273e+00,0.000000000000000000e+00,3.839627027511596680e+00
2.793038940429687500e+01,2.581299400329589844e+01,2.408834648132324219e+01,2.156831741333007812e+01,1.994081878662109375e+01,1.750536155700683594e+01,1.607107162475585938e+01,1.432844066619873047e+01,1.250881481170654297e+01,1.142661952972412109e+01,1.036763095855712891e+01,8.014547348022460938e+00,5.651695251464843750e+00,5.693378925323486328e+00,6.192885398864746094e+00,3.839627027511596680e+00,0.000000000000000000e+00
