0.000000000000000000e+00,3.835982322692871094e+00,6.596860885620117188e+00,9.607948303222656250e+00,1.256168842315673828e+01,1.612838554382324219e+01,1.906447792053222656e+01,2.077932548522949219e+01,1.940858078002929688e+01,2.180831718444824219e+01,2.496424674987792969e+01
3.835982322692871094e+00,0.000000000000000000e+00,3.824092626571655273e+00,6.713752269744873047e+00,9.066685676574707031e+00,1.277476787567138672e+01,1.559502220153808594e+01,1.716040420532226562e+01,1.561167526245117188e+01,1.805285644531250000e+01,2.122522544860839844e+01
6.596860885620117188e+00,3.824092626571655273e+00,0.000000000000000000e+00,3.824411630630493164e+00,6.477372169494628906e+00,9.967672348022460938e+00,1.328305244445800781e+01,1.458453941345214844e+01,1.368024826049804688e+01,1.647603416442871094e+01,1.921139335632324219e+01
9.607948303222656250e+00,6.713752269744873047e+00,3.824411630630493164e+00,0.000000000000000000e+00,3.793168544769287109e+00,6.709470272064208984e+00,9.968794822692871094e+00,1.179883575439453125e+01,1.150306510925292969e+01,1.393403530120849609e+01,1.647402191162109375e+01
1.256168842315673828e+01,9.066685676574707031e+00,6.477372169494628906e+00,3.793168544769287109e+00,0.000000000000000000e+00,3.803273200988769531e+00,6.881659507751464844e+00,8.261806488037109375e+00,7.718951702117919922e+00,1.034308910369873047e+01,1.284658622741699219e+01
1.612838554382324219e+01,1.277476787567138672e+01,9.967672348022460938e+00,6.709470272064208984e+00,3.803273200988769531e+00,0.000000000000000000e+00,3.807224988937377930e+00,5.359011173248291016e+00,6.490719318389892578e+00,8.624199867248535156e+00,1.027916431427001953e+01
1.906447792053222656e+01,1.559502220153808594e+01,1.328305244445800781e+01,9.968794822692871094e+00,6.881659507751464844e+00,3.807224988937377930e+00,0.000000000000000000e+00,3.804214954376220703e+00,5.365475177764892578e+00,5.788797378540039062e+00,7.191111564636230469e+00
2.077932548522949219e+01,1.716040420532226562e+01,1.458453941345214844e+01,1.179883575439453125e+01,8.261806488037109375e+00,5.359011173248291016e+00,3.804214954376220703e+00,0.000000000000000000e+00,3.832230329513549805e+00,5.354991912841796875e+00,5.464787006378173828e+00
1.940858078002929688e+01,1.561167526245117188e+01,1.368024826049804688e+01,1.150306510925292969e+01,7.718951702117919922e+00,6.490719318389892578e+00,5.365475177764892578e+00,3.832230329513549805e+00,0.000000000000000000e+00,3.805020093917846680e+00,6.004534721374511719e+00
2.180831718444824219e+01,1.805285644531250000e+01,1.647603416442871094e+01,1.393403530120849609e+01,1.034308910369873047e+01,8.624199867248535156e+00,5.788797378540039062e+00,5.354991912841796875e+00,3.805020093917846680e+00,0.000000000000000000e+00,3.830219507217407227e+00
2.496424674987792969e+01,2.122522544860839844e+01,1.921139335632324219e+01,1.647402191162109375e+01,1.284658622741699219e+01,1.027916431427001953e+01,7.191111564636230469e+00,5.464787006378173828e+00,6.004534721374511719e+00,3.830219507217407227e+00,0.000000000000000000e+00
