0.000000000000000000e+00,3.822804689407348633e+00,5.797599315643310547e+00,8.773625373840332031e+00,9.138591766357421875e+00,1.121677112579345703e+01,1.322189426422119141e+01,1.459220123291015625e+01,1.586641883850097656e+01,1.788124847412109375e+01,1.958024024963378906e+01,2.143989944458007812e+01,2.194495391845703125e+01,2.387629508972167969e+01,2.691337585449218750e+01
3.822804689407348633e+00,0.000000000000000000e+00,3.830021858215332031e+00,5.394513130187988281e+00,5.910787105560302734e+00,8.671166419982910156e+00,1.013917446136474609e+01,1.110549926757812500e+01,1.285704898834228516e+01,1.497745323181152344e+01,1.624303054809570312e+01,1.799516105651855469e+01,1.885688781738281250e+01,2.087451553344726562e+01,2.372714042663574219e+01
5.797599315643310547e+00,3.830021858215332031e+00,0.000000000000000000e+00,3.832081317901611328e+00,5.700630664825439453e+00,6.845485687255859375e+00,7.909814357757568359e+00,1.010839653015136719e+01,1.177126121520996094e+01,1.299572753906250000e+01,1.452154541015625000e+01,1.694940185546875000e+01,1.775362396240234375e+01,1.914122581481933594e+01,2.192474937438964844e+01
8.773625373840332031e+00,5.394513130187988281e+00,3.832081317901611328e+00,0.000000000000000000e+00,3.832167148590087891e+00,5.549923419952392578e+00,5.202475547790527344e+00,6.758795261383056641e+00,9.251637458801269531e+00,1.055603313446044922e+01,1.135216331481933594e+01,1.363356018066406250e+01,1.496111965179443359e+01,1.646789932250976562e+01,1.898142814636230469e+01
9.138591766357421875e+00,5.910787105560302734e+00,5.700630664825439453e+00,3.832167148590087891e+00,0.000000000000000000e+00,3.817646026611328125e+00,5.500496387481689453e+00,5.641397476196289062e+00,6.960345745086669922e+00,9.419325828552246094e+00,1.082249069213867188e+01,1.232944488525390625e+01,1.295123195648193359e+01,1.508915615081787109e+01,1.805530929565429688e+01
1.121677112579345703e+01,8.671166419982910156e+00,6.845485687255859375e+00,5.549923419952392578e+00,3.817646026611328125e+00,0.000000000000000000e+00,3.820708513259887695e+00,5.521353721618652344e+00,5.369772434234619141e+00,6.757971286773681641e+00,9.213558197021484375e+00,1.133372306823730469e+01,1.129812717437744141e+01,1.276128196716308594e+01,1.594976997375488281e+01
1.322189426422119141e+01,1.013917446136474609e+01,7.909814357757568359e+00,5.202475547790527344e+00,5.500496387481689453e+00,3.820708513259887695e+00,0.000000000000000000e+00,3.826717138290405273e+00,5.550989627838134766e+00,5.535830497741699219e+00,6.679385185241699219e+00,9.551318168640136719e+00,1.060925674438476562e+01,1.150933742523193359e+01,1.405110168457031250e+01
1.459220123291015625e+01,1.110549926757812500e+01,1.010839653015136719e+01,6.758795261383056641e+00,5.641397476196289062e+00,5.521353721618652344e+00,3.826717138290405273e+00,0.000000000000000000e+00,3.827127218246459961e+00,5.543495178222656250e+00,5.473191738128662109e+00,6.947922706604003906e+00,8.479677200317382812e+00,1.039743232727050781e+01,1.286256599426269531e+01
1.586641883850097656e+01,1.285704898834228516e+01,1.177126121520996094e+01,9.251637458801269531e+00,6.960345745086669922e+00,5.369772434234619141e+00,5.550989627838134766e+00,3.827127218246459961e+00,0.000000000000000000e+00,3.824642658233642578e+00,5.725502014160156250e+00,6.488713741302490234e+00,6.096128463745117188e+00,8.342984199523925781e+00,1.159734725952148438e+01
1.788124847412109375e+01,1.497745323181152344e+01,1.299572753906250000e+01,1.055603313446044922e+01,9.419325828552246094e+00,6.757971286773681641e+00,5.535830497741699219e+00,5.543495178222656250e+00,3.824642658233642578e+00,0.000000000000000000e+00,3.832743406295776367e+00,6.224772930145263672e+00,5.913108348846435547e+00,6.185313701629638672e+00,9.249746322631835938e+00
1.958024024963378906e+01,1.624303054809570312e+01,1.452154541015625000e+01,1.135216331481933594e+01,1.082249069213867188e+01,9.213558197021484375e+00,6.679385185241699219e+00,5.473191738128662109e+00,5.725502014160156250e+00,3.832743406295776367e+00,0.000000000000000000e+00,3.826380014419555664e+00,5.869250297546386719e+00,6.004814624786376953e+00,7.706157207489013672e+00
2.143989944458007812e+01,1.799516105651855469e+01,1.694940185546875000e+01,1.363356018066406250e+01,1.232944488525390625e+01,1.133372306823730469e+01,9.551318168640136719e+00,6.947922706604003906e+00,6.488713741302490234e+00,6.224772930145263672e+00,3.826380014419555664e+00,0.000000000000000000e+00,3.837837219238281250e+00,5.525098800659179688e+00,6.936356544494628906e+00
2.194495391845703125e+01,1.885688781738281250e+01,1.775362396240234375e+01,1.496111965179443359e+01,1.295123195648193359e+01,1.129812717437744141e+01,1.060925674438476562e+01,8.479677200317382812e+00,6.096128463745117188e+00,5.913108348846435547e+00,5.869250297546386719e+00,3.837837219238281250e+00,0.000000000000000000e+00,3.822942256927490234e+00,6.772387027740478516e+00
2.387629508972167969e+01,2.087451553344726562e+01,1.914122581481933594e+01,1.646789932250976562e+01,1.508915615081787109e+01,1.276128196716308594e+01,1.150933742523193359e+01,1.039743232727050781e+01,8.342984199523925781e+00,6.185313701629638672e+00,6.004814624786376953e+00,5.525098800659179688e+00,3.822942256927490234e+00,0.000000000000000000e+00,3.826695680618286133e+00
2.691337585449218750e+01,2.372714042663574219e+01,2.192474937438964844e+01,1.898142814636230469e+01,1.805530929565429688e+01,1.594976997375488281e+01,1.405110168457031250e+01,1.286256599426269531e+01,1.159734725952148438e+01,9.249746322631835938e+00,7.706157207489013672e+00,6.936356544494628906e+00,6.772387027740478516e+00,3.826695680618286133e+00,0.000000000000000000e+00
