0.000000000000000000e+00,3.830735206604003906e+00,7.158693313598632812e+00,7.922940731048583984e+00,8.336722373962402344e+00,1.162258625030517578e+01,1.324496078491210938e+01,1.401034832000732422e+01,1.675873565673828125e+01,1.837586021423339844e+01,1.950704956054687500e+01,2.046554374694824219e+01,2.304076385498046875e+01,2.420287322998046875e+01,2.467378044128417969e+01,2.744338607788085938e+01,2.883709716796875000e+01
3.830735206604003906e+00,0.000000000000000000e+00,3.861197710037231445e+00,6.007977485656738281e+00,6.525730609893798828e+00,8.918028831481933594e+00,1.106325054168701172e+01,1.255080604553222656e+01,1.484104537963867188e+01,1.601181602478027344e+01,1.772291946411132812e+01,1.903768157958984375e+01,2.114727973937988281e+01,2.225808143615722656e+01,2.327435874938964844e+01,2.603323936462402344e+01,2.705286598205566406e+01
7.158693313598632812e+00,3.861197710037231445e+00,0.000000000000000000e+00,3.847985982894897461e+00,5.775886058807373047e+00,6.771407127380371094e+00,8.406617164611816406e+00,1.087530422210693359e+01,1.307368564605712891e+01,1.341020107269287109e+01,1.525169563293457031e+01,1.718661117553710938e+01,1.903859901428222656e+01,1.968716430664062500e+01,2.100364875793457031e+01,2.395177268981933594e+01,2.489519309997558594e+01
7.922940731048583984e+00,6.007977485656738281e+00,3.847985982894897461e+00,0.000000000000000000e+00,3.849681854248046875e+00,5.518856525421142578e+00,5.729650497436523438e+00,7.775457382202148438e+00,1.069359302520751953e+01,1.123388576507568359e+01,1.232105541229248047e+01,1.417499637603759766e+01,1.651171493530273438e+01,1.700847053527832031e+01,1.783912658691406250e+01,2.091624069213867188e+01,2.226942062377929688e+01
8.336722373962402344e+00,6.525730609893798828e+00,5.775886058807373047e+00,3.849681854248046875e+00,0.000000000000000000e+00,3.836451530456542969e+00,5.669703006744384766e+00,6.139765262603759766e+00,8.483663558959960938e+00,1.017318439483642578e+01,1.163198184967041016e+01,1.255957317352294922e+01,1.479978466033935547e+01,1.612915611267089844e+01,1.700873374938964844e+01,1.959574508666992188e+01,2.066705131530761719e+01
1.162258625030517578e+01,8.918028831481933594e+00,6.771407127380371094e+00,5.518856525421142578e+00,3.836451530456542969e+00,0.000000000000000000e+00,3.822706460952758789e+00,5.532281398773193359e+00,6.504508495330810547e+00,7.249918460845947266e+00,9.670494079589843750e+00,1.111151695251464844e+01,1.253756237030029297e+01,1.374957561492919922e+01,1.538967514038085938e+01,1.788272666931152344e+01,1.844877052307128906e+01
1.324496078491210938e+01,1.106325054168701172e+01,8.406617164611816406e+00,5.729650497436523438e+00,5.669703006744384766e+00,3.822706460952758789e+00,0.000000000000000000e+00,3.840633392333984375e+00,5.921815872192382812e+00,5.585191726684570312e+00,6.845124721527099609e+00,9.124330520629882812e+00,1.103291320800781250e+01,1.136550235748291016e+01,1.263164234161376953e+01,1.561944293975830078e+01,1.673314666748046875e+01
1.401034832000732422e+01,1.255080604553222656e+01,1.087530422210693359e+01,7.775457382202148438e+00,6.139765262603759766e+00,5.532281398773193359e+00,3.840633392333984375e+00,0.000000000000000000e+00,3.837238311767578125e+00,5.717562198638916016e+00,5.885210990905761719e+00,6.543511390686035156e+00,9.243947982788085938e+00,1.038722038269042969e+01,1.090218353271484375e+01,1.352061653137207031e+01,1.491166019439697266e+01
1.675873565673828125e+01,1.484104537963867188e+01,1.307368564605712891e+01,1.069359302520751953e+01,8.483663558959960938e+00,6.504508495330810547e+00,5.921815872192382812e+00,3.837238311767578125e+00,0.000000000000000000e+00,3.838657379150390625e+00,5.354788303375244141e+00,5.082912921905517578e+00,6.410756111145019531e+00,8.533393859863281250e+00,9.941848754882812500e+00,1.178292655944824219e+01,1.229753780364990234e+01
1.837586021423339844e+01,1.601181602478027344e+01,1.341020107269287109e+01,1.123388576507568359e+01,1.017318439483642578e+01,7.249918460845947266e+00,5.585191726684570312e+00,5.717562198638916016e+00,3.838657379150390625e+00,0.000000000000000000e+00,3.826122522354125977e+00,5.922197818756103516e+00,6.097439289093017578e+00,6.659140586853027344e+00,9.085823059082031250e+00,1.139724445343017578e+01,1.169702434539794922e+01
1.950704956054687500e+01,1.772291946411132812e+01,1.525169563293457031e+01,1.232105541229248047e+01,1.163198184967041016e+01,9.670494079589843750e+00,6.845124721527099609e+00,5.885210990905761719e+00,5.354788303375244141e+00,3.826122522354125977e+00,0.000000000000000000e+00,3.835634469985961914e+00,5.478775501251220703e+00,4.822559833526611328e+00,5.881862640380859375e+00,8.929821968078613281e+00,1.037678146362304688e+01
2.046554374694824219e+01,1.903768157958984375e+01,1.718661117553710938e+01,1.417499637603759766e+01,1.255957317352294922e+01,1.111151695251464844e+01,9.124330520629882812e+00,6.543511390686035156e+00,5.082912921905517578e+00,5.922197818756103516e+00,3.835634469985961914e+00,0.000000000000000000e+00,3.820401906967163086e+00,5.346217632293701172e+00,5.241997718811035156e+00,7.065537452697753906e+00,8.613332748413085938e+00
2.304076385498046875e+01,2.114727973937988281e+01,1.903859901428222656e+01,1.651171493530273438e+01,1.479978466033935547e+01,1.253756237030029297e+01,1.103291320800781250e+01,9.243947982788085938e+00,6.410756111145019531e+00,6.097439289093017578e+00,5.478775501251220703e+00,3.820401906967163086e+00,0.000000000000000000e+00,3.819017171859741211e+00,5.753119945526123047e+00,6.155327320098876953e+00,5.925828456878662109e+00
2.420287322998046875e+01,2.225808143615722656e+01,1.968716430664062500e+01,1.700847053527832031e+01,1.612915611267089844e+01,1.374957561492919922e+01,1.136550235748291016e+01,1.038722038269042969e+01,8.533393859863281250e+00,6.659140586853027344e+00,4.822559833526611328e+00,5.346217632293701172e+00,3.819017171859741211e+00,0.000000000000000000e+00,3.842398405075073242e+00,5.573869228363037109e+00,6.213442802429199219e+00
2.467378044128417969e+01,2.327435874938964844e+01,2.100364875793457031e+01,1.783912658691406250e+01,1.700873374938964844e+01,1.538967514038085938e+01,1.263164234161376953e+01,1.090218353271484375e+01,9.941848754882812500e+00,9.085823059082031250e+00,5.881862640380859375e+00,5.241997718811035156e+00,5.753119945526123047e+00,3.842398405075073242e+00,0.000000000000000000e+00,3.805905342102050781e+00,6.738838195800781250e+00
2.744338607788085938e+01,2.603323936462402344e+01,2.395177268981933594e+01,2.091624069213867188e+01,1.959574508666992188e+01,1.788272666931152344e+01,1.561944293975830078e+01,1.352061653137207031e+01,1.178292655944824219e+01,1.139724445343017578e+01,8.929821968078613281e+00,7.065537452697753906e+00,6.155327320098876953e+00,5.573869228363037109e+00,3.805905342102050781e+00,0.000000000000000000e+00,3.831744194030761719e+00
2.883709716796875000e+01,2.705286598205566406e+01,2.489519309997558594e+01,2.226942062377929688e+01,2.066705131530761719e+01,1.844877052307128906e+01,1.673314666748046875e+01,1.491166019439697266e+01,1.229753780364990234e+01,1.169702434539794922e+01,1.037678146362304688e+01,8.613332748413085938e+00,5.925828456878662109e+00,6.213442802429199219e+00,6.738838195800781250e+00,3.831744194030761719e+00,0.000000000000000000e+00
