0.000000000000000000e+00,3.820350646972656250e+00,6.406572341918945312e+00,6.158702850341796875e+00,6.716718196868896484e+00,1.039958286285400391e+01,1.132924842834472656e+01,1.226355457305908203e+01,1.563216972351074219e+01,1.665739440917968750e+01,1.723430252075195312e+01,1.897912979125976562e+01,2.120078849792480469e+01,2.261025619506835938e+01,2.316930961608886719e+01,2.665133666992187500e+01,2.740396881103515625e+01
3.820350646972656250e+00,0.000000000000000000e+00,3.835125446319580078e+00,5.754361629486083984e+00,6.394324302673339844e+00,9.445849418640136719e+00,1.139143180847167969e+01,1.293151664733886719e+01,1.579171371459960938e+01,1.650655364990234375e+01,1.783573341369628906e+01,1.976936149597167969e+01,2.138019752502441406e+01,2.271482467651367188e+01,2.388683509826660156e+01,2.731577873229980469e+01,2.774511528015136719e+01
6.406572341918945312e+00,3.835125446319580078e+00,0.000000000000000000e+00,3.829634428024291992e+00,5.986402511596679688e+00,7.712146282196044922e+00,9.433942794799804688e+00,1.195596599578857422e+01,1.462017059326171875e+01,1.448334503173828125e+01,1.595839595794677734e+01,1.841776847839355469e+01,1.972084045410156250e+01,2.053563117980957031e+01,2.202532577514648438e+01,2.553014373779296875e+01,2.608258056640625000e+01
6.158702850341796875e+00,5.754361629486083984e+00,3.829634428024291992e+00,0.000000000000000000e+00,3.826192378997802734e+00,5.673863887786865234e+00,6.181946277618408203e+00,8.654572486877441406e+00,1.175720596313476562e+01,1.164995956420898438e+01,1.257406425476074219e+01,1.505123710632324219e+01,1.677391433715820312e+01,1.758061027526855469e+01,1.867489624023437500e+01,2.225897026062011719e+01,2.307492256164550781e+01
6.716718196868896484e+00,6.394324302673339844e+00,5.986402511596679688e+00,3.826192378997802734e+00,0.000000000000000000e+00,3.837025642395019531e+00,5.705386161804199219e+00,6.638300895690917969e+00,9.412404060363769531e+00,1.041483116149902344e+01,1.185128211975097656e+01,1.347125720977783203e+01,1.504773712158203125e+01,1.663403320312500000e+01,1.776997566223144531e+01,2.106938743591308594e+01,2.138986778259277344e+01
1.039958286285400391e+01,9.445849418640136719e+00,7.712146282196044922e+00,5.673863887786865234e+00,3.837025642395019531e+00,0.000000000000000000e+00,3.826115846633911133e+00,5.504976272583007812e+00,7.109616756439208984e+00,7.327870368957519531e+00,9.628879547119140625e+00,1.144849395751953125e+01,1.226622772216796875e+01,1.362988758087158203e+01,1.537405681610107422e+01,1.855151748657226562e+01,1.864905929565429688e+01
1.132924842834472656e+01,1.139143180847167969e+01,9.433942794799804688e+00,6.181946277618408203e+00,5.705386161804199219e+00,3.826115846633911133e+00,0.000000000000000000e+00,3.827337741851806641e+00,6.325051307678222656e+00,5.598048210144042969e+00,6.562369346618652344e+00,9.112813949584960938e+00,1.067749691009521484e+01,1.145308589935302734e+01,1.262647914886474609e+01,1.613405799865722656e+01,1.692604637145996094e+01
1.226355457305908203e+01,1.293151664733886719e+01,1.195596599578857422e+01,8.654572486877441406e+00,6.638300895690917969e+00,5.504976272583007812e+00,3.827337741851806641e+00,0.000000000000000000e+00,3.834763765335083008e+00,5.435832023620605469e+00,5.981338024139404297e+00,6.885090351104736328e+00,9.009181976318359375e+00,1.087460899353027344e+01,1.144729232788085938e+01,1.463650417327880859e+01,1.514298152923583984e+01
1.563216972351074219e+01,1.579171371459960938e+01,1.462017059326171875e+01,1.175720596313476562e+01,9.412404060363769531e+00,7.109616756439208984e+00,6.325051307678222656e+00,3.834763765335083008e+00,0.000000000000000000e+00,3.830452203750610352e+00,5.714311599731445312e+00,5.196701526641845703e+00,5.921578407287597656e+00,8.584012985229492188e+00,9.791768074035644531e+00,1.238052940368652344e+01,1.211936187744140625e+01
1.665739440917968750e+01,1.650655364990234375e+01,1.448334503173828125e+01,1.164995956420898438e+01,1.041483116149902344e+01,7.327870368957519531e+00,5.598048210144042969e+00,5.435832023620605469e+00,3.830452203750610352e+00,0.000000000000000000e+00,3.821795940399169922e+00,5.468710422515869141e+00,5.437529087066650391e+00,6.314114570617675781e+00,8.367366790771484375e+00,1.138396167755126953e+01,1.166490077972412109e+01
1.723430252075195312e+01,1.783573341369628906e+01,1.595839595794677734e+01,1.257406425476074219e+01,1.185128211975097656e+01,9.628879547119140625e+00,6.562369346618652344e+00,5.981338024139404297e+00,5.714311599731445312e+00,3.821795940399169922e+00,0.000000000000000000e+00,3.832748174667358398e+00,5.847917079925537109e+00,5.835329532623291016e+00,6.100962162017822266e+00,9.741939544677734375e+00,1.118947505950927734e+01
1.897912979125976562e+01,1.976936149597167969e+01,1.841776847839355469e+01,1.505123710632324219e+01,1.347125720977783203e+01,1.144849395751953125e+01,9.112813949584960938e+00,6.885090351104736328e+00,5.196701526641845703e+00,5.468710422515869141e+00,3.832748174667358398e+00,0.000000000000000000e+00,3.833544731140136719e+00,5.750590324401855469e+00,5.109513759613037109e+00,7.861532688140869141e+00,8.708594322204589844e+00
2.120078849792480469e+01,2.138019752502441406e+01,1.972084045410156250e+01,1.677391433715820312e+01,1.504773712158203125e+01,1.226622772216796875e+01,1.067749691009521484e+01,9.009181976318359375e+00,5.921578407287597656e+00,5.437529087066650391e+00,5.847917079925537109e+00,3.833544731140136719e+00,0.000000000000000000e+00,3.820080757141113281e+00,5.350949287414550781e+00,6.921452999114990234e+00,6.389594554901123047e+00
2.261025619506835938e+01,2.271482467651367188e+01,2.053563117980957031e+01,1.758061027526855469e+01,1.663403320312500000e+01,1.362988758087158203e+01,1.145308589935302734e+01,1.087460899353027344e+01,8.584012985229492188e+00,6.314114570617675781e+00,5.835329532623291016e+00,5.750590324401855469e+00,3.820080757141113281e+00,0.000000000000000000e+00,3.827851057052612305e+00,5.843584060668945312e+00,6.666150569915771484e+00
2.316930961608886719e+01,2.388683509826660156e+01,2.202532577514648438e+01,1.867489624023437500e+01,1.776997566223144531e+01,1.537405681610107422e+01,1.262647914886474609e+01,1.144729232788085938e+01,9.791768074035644531e+00,8.367366790771484375e+00,6.100962162017822266e+00,5.109513759613037109e+00,5.350949287414550781e+00,3.827851057052612305e+00,0.000000000000000000e+00,3.824464797973632812e+00,6.482451438903808594e+00
2.665133666992187500e+01,2.731577873229980469e+01,2.553014373779296875e+01,2.225897026062011719e+01,2.106938743591308594e+01,1.855151748657226562e+01,1.613405799865722656e+01,1.463650417327880859e+01,1.238052940368652344e+01,1.138396167755126953e+01,9.741939544677734375e+00,7.861532688140869141e+00,6.921452999114990234e+00,5.843584060668945312e+00,3.824464797973632812e+00,0.000000000000000000e+00,3.824134826660156250e+00
2.740396881103515625e+01,2.774511528015136719e+01,2.608258056640625000e+01,2.307492256164550781e+01,2.138986778259277344e+01,1.864905929565429688e+01,1.692604637145996094e+01,1.514298152923583984e+01,1.211936187744140625e+01,1.166490077972412109e+01,1.118947505950927734e+01,8.708594322204589844e+00,6.389594554901123047e+00,6.666150569915771484e+00,6.482451438903808594e+00,3.824134826660156250e+00,0.000000000000000000e+00
